<?xml version="1.0"?>
<opencv_storage>
<calibration_time>"2020年10月16日 星期五 19时07分56秒"</calibration_time>
<nr_of_frames>20</nr_of_frames>
<image_width>640</image_width>
<image_height>480</image_height>
<board_width>9</board_width>
<board_height>7</board_height>
<square_size>25.</square_size>
<fix_aspect_ratio>1.</fix_aspect_ratio>
<!-- flags: +fix_aspectRatio +fix_principal_point +zero_tangent_dist +fix_k4 +fix_k5 -->
<flags>6158</flags>
<fisheye_model>0</fisheye_model>
<camera_matrix type_id="opencv-matrix">
  <rows>3</rows>
  <cols>3</cols>
  <dt>d</dt>
  <data>
    5.3038187617361268e+02 0. 3.1950000000000000e+02 0.
    5.3038187617361268e+02 2.3950000000000000e+02 0. 0. 1.</data></camera_matrix>
<distortion_coefficients type_id="opencv-matrix">
  <rows>5</rows>
  <cols>1</cols>
  <dt>d</dt>
  <data>
    4.6954643264749574e-01 -1.4768274746879686e+00 0. 0.
    3.1952233421307894e+00</data></distortion_coefficients>
<avg_reprojection_error>1.1018969433593426e+00</avg_reprojection_error>
<per_view_reprojection_errors type_id="opencv-matrix">
  <rows>20</rows>
  <cols>1</cols>
  <dt>f</dt>
  <data>
    1.00189447e+00 8.21854770e-01 5.97223043e-01 1.32053864e+00
    8.29183042e-01 8.87221456e-01 6.82964563e-01 6.82545722e-01
    1.15244365e+00 1.17501950e+00 6.54768586e-01 9.99642491e-01
    9.49511588e-01 1.08747053e+00 1.05433476e+00 1.21961403e+00
    1.53013206e+00 8.71231556e-01 1.90401757e+00 1.59721828e+00</data></per_view_reprojection_errors>
<!-- a set of 6-tuples (rotation vector + translation vector) for each view -->
<extrinsic_parameters type_id="opencv-matrix">
  <rows>20</rows>
  <cols>6</cols>
  <dt>d</dt>
  <data>
    -2.3231719997317579e-01 5.5742592370847922e-02
    -4.8053060290003516e-02 -1.0776862254899861e+02
    -9.9821383456213979e+01 3.2188330124138275e+02
    -2.7184468617903762e-01 8.4631994244823164e-02
    1.4593070417074885e-02 -9.6766650739357473e+01
    -1.5499314911689305e+02 4.3008696652938625e+02
    -1.6652651912320143e-01 7.1388864989498965e-02
    -1.3225926877853986e-02 -1.0323054043566682e+02
    -1.7071755705265616e+02 4.8209912852850692e+02
    -2.4185263178417157e-01 1.5688845239748322e-01
    -2.7700058160030627e-01 -1.5160696207144946e+02
    -8.9087742880647454e+01 4.8052205198115786e+02
    -3.0294446989842974e-02 1.4144332333207360e-01
    2.1221745253341889e-02 -1.2821349378958232e+02
    -1.0553241493547580e+02 4.5862193862089492e+02
    1.7577102320299378e-02 1.7238402783670612e-01 2.5764587117187199e-01
    -1.0897968537158584e+02 -1.3307263065462462e+02
    4.6108632848632504e+02 -8.2749552881004572e-03
    8.6832106940681955e-02 3.4779838582866546e-01
    -9.5710822393120296e+01 -1.5002196554069999e+02
    4.6671808942409859e+02 -7.9807826153388967e-02
    6.8342397742047215e-02 1.3510263193300834e-01
    -1.1295353246537601e+02 -1.3213404750194331e+02
    5.2368396908478462e+02 -1.6892469307223260e-01
    2.1224995591412904e-01 -1.3923159937448334e-01
    -1.5296322357706879e+02 -1.1330871307687204e+02
    5.5075577277349385e+02 -5.5483109439169204e-02
    1.2384743847094898e-01 6.6174883860689940e-02
    -2.2123285041765806e+02 -1.2341644196614058e+02
    4.9558501341118904e+02 -6.6311892828723407e-02
    -4.2467338607167372e-02 1.4756959253466224e-02
    -5.7234584374707552e+01 -9.5013821296559840e+01
    4.7126179182558786e+02 1.0766963067074696e-01
    -7.1239366345326557e-02 9.3323619534079333e-03
    -3.7580599130087258e+01 9.0455653038894788e+00
    4.6862731163130081e+02 -1.5156342671241479e-01
    -8.9060761894960122e-02 -1.5526073367567791e-01
    1.1662699095252413e+00 1.4665569205101436e+01 5.6926158129582063e+02
    -1.5346475671527432e-01 2.4093809643294417e-01
    2.3969934253654862e-01 -9.2127822002427862e+01
    -3.1623393738214510e+01 5.2776614799839490e+02
    -1.5402731134112541e-01 -6.3224316930601321e-02
    4.4210312944421891e-03 -6.3285821298930820e+01
    -1.3350913821570091e+02 4.2894936870756027e+02
    -9.1079580192048329e-02 -1.5745245031002589e-01
    -1.3740377888785535e-01 -8.3225103467231154e+00
    -1.0670590563638322e+02 4.3027416114032729e+02
    -1.8573387364437866e-01 2.0808394801795380e-01
    1.7885498699261107e-01 -1.5120862969887600e+02
    -1.5566124083685921e+02 4.5291677087322989e+02
    -1.3602986112176427e-01 4.8234330241991641e-02
    4.5760147796683040e-02 -1.0510360636154489e+02
    -1.2585306147104745e+02 4.3521190516465958e+02
    -2.2782714037935936e-01 5.6441004576031140e-01
    4.3794590733946689e-02 -7.2132912010440563e+01
    -9.9874944219683428e+01 5.0993480029857608e+02
    -1.4094323453236293e-01 -3.8974458282992613e-01
    -3.1126760060524960e-02 -2.1163839464578543e-03
    -1.0740845227577357e+02 4.8116363359447286e+02</data></extrinsic_parameters>
